c CNF formula with 6 colors to follow.
p cnf 564 4289
1 48 95 142 189 236 0
2 49 96 143 190 237 0
3 50 97 144 191 238 0
4 51 98 145 192 239 0
5 52 99 146 193 240 0
6 53 100 147 194 241 0
7 54 101 148 195 242 0
8 55 102 149 196 243 0
9 56 103 150 197 244 0
10 57 104 151 198 245 0
11 58 105 152 199 246 0
12 59 106 153 200 247 0
13 60 107 154 201 248 0
14 61 108 155 202 249 0
15 62 109 156 203 250 0
16 63 110 157 204 251 0
17 64 111 158 205 252 0
18 65 112 159 206 253 0
19 66 113 160 207 254 0
20 67 114 161 208 255 0
21 68 115 162 209 256 0
22 69 116 163 210 257 0
23 70 117 164 211 258 0
24 71 118 165 212 259 0
25 72 119 166 213 260 0
26 73 120 167 214 261 0
27 74 121 168 215 262 0
28 75 122 169 216 263 0
29 76 123 170 217 264 0
30 77 124 171 218 265 0
31 78 125 172 219 266 0
32 79 126 173 220 267 0
33 80 127 174 221 268 0
34 81 128 175 222 269 0
35 82 129 176 223 270 0
36 83 130 177 224 271 0
37 84 131 178 225 272 0
38 85 132 179 226 273 0
39 86 133 180 227 274 0
40 87 134 181 228 275 0
41 88 135 182 229 276 0
42 89 136 183 230 277 0
43 90 137 184 231 278 0
44 91 138 185 232 279 0
45 92 139 186 233 280 0
46 93 140 187 234 281 0
47 94 141 188 235 282 0
-1 -48 0
-1 -95 0
-1 -142 0
-1 -189 0
-1 -236 0
-48 -1 0
-48 -95 0
-48 -142 0
-48 -189 0
-48 -236 0
-95 -1 0
-95 -48 0
-95 -142 0
-95 -189 0
-95 -236 0
-142 -1 0
-142 -48 0
-142 -95 0
-142 -189 0
-142 -236 0
-189 -1 0
-189 -48 0
-189 -95 0
-189 -142 0
-189 -236 0
-236 -1 0
-236 -48 0
-236 -95 0
-236 -142 0
-236 -189 0
-2 -49 0
-2 -96 0
-2 -143 0
-2 -190 0
-2 -237 0
-49 -2 0
-49 -96 0
-49 -143 0
-49 -190 0
-49 -237 0
-96 -2 0
-96 -49 0
-96 -143 0
-96 -190 0
-96 -237 0
-143 -2 0
-143 -49 0
-143 -96 0
-143 -190 0
-143 -237 0
-190 -2 0
-190 -49 0
-190 -96 0
-190 -143 0
-190 -237 0
-237 -2 0
-237 -49 0
-237 -96 0
-237 -143 0
-237 -190 0
-3 -50 0
-3 -97 0
-3 -144 0
-3 -191 0
-3 -238 0
-50 -3 0
-50 -97 0
-50 -144 0
-50 -191 0
-50 -238 0
-97 -3 0
-97 -50 0
-97 -144 0
-97 -191 0
-97 -238 0
-144 -3 0
-144 -50 0
-144 -97 0
-144 -191 0
-144 -238 0
-191 -3 0
-191 -50 0
-191 -97 0
-191 -144 0
-191 -238 0
-238 -3 0
-238 -50 0
-238 -97 0
-238 -144 0
-238 -191 0
-4 -51 0
-4 -98 0
-4 -145 0
-4 -192 0
-4 -239 0
-51 -4 0
-51 -98 0
-51 -145 0
-51 -192 0
-51 -239 0
-98 -4 0
-98 -51 0
-98 -145 0
-98 -192 0
-98 -239 0
-145 -4 0
-145 -51 0
-145 -98 0
-145 -192 0
-145 -239 0
-192 -4 0
-192 -51 0
-192 -98 0
-192 -145 0
-192 -239 0
-239 -4 0
-239 -51 0
-239 -98 0
-239 -145 0
-239 -192 0
-5 -52 0
-5 -99 0
-5 -146 0
-5 -193 0
-5 -240 0
-52 -5 0
-52 -99 0
-52 -146 0
-52 -193 0
-52 -240 0
-99 -5 0
-99 -52 0
-99 -146 0
-99 -193 0
-99 -240 0
-146 -5 0
-146 -52 0
-146 -99 0
-146 -193 0
-146 -240 0
-193 -5 0
-193 -52 0
-193 -99 0
-193 -146 0
-193 -240 0
-240 -5 0
-240 -52 0
-240 -99 0
-240 -146 0
-240 -193 0
-6 -53 0
-6 -100 0
-6 -147 0
-6 -194 0
-6 -241 0
-53 -6 0
-53 -100 0
-53 -147 0
-53 -194 0
-53 -241 0
-100 -6 0
-100 -53 0
-100 -147 0
-100 -194 0
-100 -241 0
-147 -6 0
-147 -53 0
-147 -100 0
-147 -194 0
-147 -241 0
-194 -6 0
-194 -53 0
-194 -100 0
-194 -147 0
-194 -241 0
-241 -6 0
-241 -53 0
-241 -100 0
-241 -147 0
-241 -194 0
-7 -54 0
-7 -101 0
-7 -148 0
-7 -195 0
-7 -242 0
-54 -7 0
-54 -101 0
-54 -148 0
-54 -195 0
-54 -242 0
-101 -7 0
-101 -54 0
-101 -148 0
-101 -195 0
-101 -242 0
-148 -7 0
-148 -54 0
-148 -101 0
-148 -195 0
-148 -242 0
-195 -7 0
-195 -54 0
-195 -101 0
-195 -148 0
-195 -242 0
-242 -7 0
-242 -54 0
-242 -101 0
-242 -148 0
-242 -195 0
-8 -55 0
-8 -102 0
-8 -149 0
-8 -196 0
-8 -243 0
-55 -8 0
-55 -102 0
-55 -149 0
-55 -196 0
-55 -243 0
-102 -8 0
-102 -55 0
-102 -149 0
-102 -196 0
-102 -243 0
-149 -8 0
-149 -55 0
-149 -102 0
-149 -196 0
-149 -243 0
-196 -8 0
-196 -55 0
-196 -102 0
-196 -149 0
-196 -243 0
-243 -8 0
-243 -55 0
-243 -102 0
-243 -149 0
-243 -196 0
-9 -56 0
-9 -103 0
-9 -150 0
-9 -197 0
-9 -244 0
-56 -9 0
-56 -103 0
-56 -150 0
-56 -197 0
-56 -244 0
-103 -9 0
-103 -56 0
-103 -150 0
-103 -197 0
-103 -244 0
-150 -9 0
-150 -56 0
-150 -103 0
-150 -197 0
-150 -244 0
-197 -9 0
-197 -56 0
-197 -103 0
-197 -150 0
-197 -244 0
-244 -9 0
-244 -56 0
-244 -103 0
-244 -150 0
-244 -197 0
-10 -57 0
-10 -104 0
-10 -151 0
-10 -198 0
-10 -245 0
-57 -10 0
-57 -104 0
-57 -151 0
-57 -198 0
-57 -245 0
-104 -10 0
-104 -57 0
-104 -151 0
-104 -198 0
-104 -245 0
-151 -10 0
-151 -57 0
-151 -104 0
-151 -198 0
-151 -245 0
-198 -10 0
-198 -57 0
-198 -104 0
-198 -151 0
-198 -245 0
-245 -10 0
-245 -57 0
-245 -104 0
-245 -151 0
-245 -198 0
-11 -58 0
-11 -105 0
-11 -152 0
-11 -199 0
-11 -246 0
-58 -11 0
-58 -105 0
-58 -152 0
-58 -199 0
-58 -246 0
-105 -11 0
-105 -58 0
-105 -152 0
-105 -199 0
-105 -246 0
-152 -11 0
-152 -58 0
-152 -105 0
-152 -199 0
-152 -246 0
-199 -11 0
-199 -58 0
-199 -105 0
-199 -152 0
-199 -246 0
-246 -11 0
-246 -58 0
-246 -105 0
-246 -152 0
-246 -199 0
-12 -59 0
-12 -106 0
-12 -153 0
-12 -200 0
-12 -247 0
-59 -12 0
-59 -106 0
-59 -153 0
-59 -200 0
-59 -247 0
-106 -12 0
-106 -59 0
-106 -153 0
-106 -200 0
-106 -247 0
-153 -12 0
-153 -59 0
-153 -106 0
-153 -200 0
-153 -247 0
-200 -12 0
-200 -59 0
-200 -106 0
-200 -153 0
-200 -247 0
-247 -12 0
-247 -59 0
-247 -106 0
-247 -153 0
-247 -200 0
-13 -60 0
-13 -107 0
-13 -154 0
-13 -201 0
-13 -248 0
-60 -13 0
-60 -107 0
-60 -154 0
-60 -201 0
-60 -248 0
-107 -13 0
-107 -60 0
-107 -154 0
-107 -201 0
-107 -248 0
-154 -13 0
-154 -60 0
-154 -107 0
-154 -201 0
-154 -248 0
-201 -13 0
-201 -60 0
-201 -107 0
-201 -154 0
-201 -248 0
-248 -13 0
-248 -60 0
-248 -107 0
-248 -154 0
-248 -201 0
-14 -61 0
-14 -108 0
-14 -155 0
-14 -202 0
-14 -249 0
-61 -14 0
-61 -108 0
-61 -155 0
-61 -202 0
-61 -249 0
-108 -14 0
-108 -61 0
-108 -155 0
-108 -202 0
-108 -249 0
-155 -14 0
-155 -61 0
-155 -108 0
-155 -202 0
-155 -249 0
-202 -14 0
-202 -61 0
-202 -108 0
-202 -155 0
-202 -249 0
-249 -14 0
-249 -61 0
-249 -108 0
-249 -155 0
-249 -202 0
-15 -62 0
-15 -109 0
-15 -156 0
-15 -203 0
-15 -250 0
-62 -15 0
-62 -109 0
-62 -156 0
-62 -203 0
-62 -250 0
-109 -15 0
-109 -62 0
-109 -156 0
-109 -203 0
-109 -250 0
-156 -15 0
-156 -62 0
-156 -109 0
-156 -203 0
-156 -250 0
-203 -15 0
-203 -62 0
-203 -109 0
-203 -156 0
-203 -250 0
-250 -15 0
-250 -62 0
-250 -109 0
-250 -156 0
-250 -203 0
-16 -63 0
-16 -110 0
-16 -157 0
-16 -204 0
-16 -251 0
-63 -16 0
-63 -110 0
-63 -157 0
-63 -204 0
-63 -251 0
-110 -16 0
-110 -63 0
-110 -157 0
-110 -204 0
-110 -251 0
-157 -16 0
-157 -63 0
-157 -110 0
-157 -204 0
-157 -251 0
-204 -16 0
-204 -63 0
-204 -110 0
-204 -157 0
-204 -251 0
-251 -16 0
-251 -63 0
-251 -110 0
-251 -157 0
-251 -204 0
-17 -64 0
-17 -111 0
-17 -158 0
-17 -205 0
-17 -252 0
-64 -17 0
-64 -111 0
-64 -158 0
-64 -205 0
-64 -252 0
-111 -17 0
-111 -64 0
-111 -158 0
-111 -205 0
-111 -252 0
-158 -17 0
-158 -64 0
-158 -111 0
-158 -205 0
-158 -252 0
-205 -17 0
-205 -64 0
-205 -111 0
-205 -158 0
-205 -252 0
-252 -17 0
-252 -64 0
-252 -111 0
-252 -158 0
-252 -205 0
-18 -65 0
-18 -112 0
-18 -159 0
-18 -206 0
-18 -253 0
-65 -18 0
-65 -112 0
-65 -159 0
-65 -206 0
-65 -253 0
-112 -18 0
-112 -65 0
-112 -159 0
-112 -206 0
-112 -253 0
-159 -18 0
-159 -65 0
-159 -112 0
-159 -206 0
-159 -253 0
-206 -18 0
-206 -65 0
-206 -112 0
-206 -159 0
-206 -253 0
-253 -18 0
-253 -65 0
-253 -112 0
-253 -159 0
-253 -206 0
-19 -66 0
-19 -113 0
-19 -160 0
-19 -207 0
-19 -254 0
-66 -19 0
-66 -113 0
-66 -160 0
-66 -207 0
-66 -254 0
-113 -19 0
-113 -66 0
-113 -160 0
-113 -207 0
-113 -254 0
-160 -19 0
-160 -66 0
-160 -113 0
-160 -207 0
-160 -254 0
-207 -19 0
-207 -66 0
-207 -113 0
-207 -160 0
-207 -254 0
-254 -19 0
-254 -66 0
-254 -113 0
-254 -160 0
-254 -207 0
-20 -67 0
-20 -114 0
-20 -161 0
-20 -208 0
-20 -255 0
-67 -20 0
-67 -114 0
-67 -161 0
-67 -208 0
-67 -255 0
-114 -20 0
-114 -67 0
-114 -161 0
-114 -208 0
-114 -255 0
-161 -20 0
-161 -67 0
-161 -114 0
-161 -208 0
-161 -255 0
-208 -20 0
-208 -67 0
-208 -114 0
-208 -161 0
-208 -255 0
-255 -20 0
-255 -67 0
-255 -114 0
-255 -161 0
-255 -208 0
-21 -68 0
-21 -115 0
-21 -162 0
-21 -209 0
-21 -256 0
-68 -21 0
-68 -115 0
-68 -162 0
-68 -209 0
-68 -256 0
-115 -21 0
-115 -68 0
-115 -162 0
-115 -209 0
-115 -256 0
-162 -21 0
-162 -68 0
-162 -115 0
-162 -209 0
-162 -256 0
-209 -21 0
-209 -68 0
-209 -115 0
-209 -162 0
-209 -256 0
-256 -21 0
-256 -68 0
-256 -115 0
-256 -162 0
-256 -209 0
-22 -69 0
-22 -116 0
-22 -163 0
-22 -210 0
-22 -257 0
-69 -22 0
-69 -116 0
-69 -163 0
-69 -210 0
-69 -257 0
-116 -22 0
-116 -69 0
-116 -163 0
-116 -210 0
-116 -257 0
-163 -22 0
-163 -69 0
-163 -116 0
-163 -210 0
-163 -257 0
-210 -22 0
-210 -69 0
-210 -116 0
-210 -163 0
-210 -257 0
-257 -22 0
-257 -69 0
-257 -116 0
-257 -163 0
-257 -210 0
-23 -70 0
-23 -117 0
-23 -164 0
-23 -211 0
-23 -258 0
-70 -23 0
-70 -117 0
-70 -164 0
-70 -211 0
-70 -258 0
-117 -23 0
-117 -70 0
-117 -164 0
-117 -211 0
-117 -258 0
-164 -23 0
-164 -70 0
-164 -117 0
-164 -211 0
-164 -258 0
-211 -23 0
-211 -70 0
-211 -117 0
-211 -164 0
-211 -258 0
-258 -23 0
-258 -70 0
-258 -117 0
-258 -164 0
-258 -211 0
-24 -71 0
-24 -118 0
-24 -165 0
-24 -212 0
-24 -259 0
-71 -24 0
-71 -118 0
-71 -165 0
-71 -212 0
-71 -259 0
-118 -24 0
-118 -71 0
-118 -165 0
-118 -212 0
-118 -259 0
-165 -24 0
-165 -71 0
-165 -118 0
-165 -212 0
-165 -259 0
-212 -24 0
-212 -71 0
-212 -118 0
-212 -165 0
-212 -259 0
-259 -24 0
-259 -71 0
-259 -118 0
-259 -165 0
-259 -212 0
-25 -72 0
-25 -119 0
-25 -166 0
-25 -213 0
-25 -260 0
-72 -25 0
-72 -119 0
-72 -166 0
-72 -213 0
-72 -260 0
-119 -25 0
-119 -72 0
-119 -166 0
-119 -213 0
-119 -260 0
-166 -25 0
-166 -72 0
-166 -119 0
-166 -213 0
-166 -260 0
-213 -25 0
-213 -72 0
-213 -119 0
-213 -166 0
-213 -260 0
-260 -25 0
-260 -72 0
-260 -119 0
-260 -166 0
-260 -213 0
-26 -73 0
-26 -120 0
-26 -167 0
-26 -214 0
-26 -261 0
-73 -26 0
-73 -120 0
-73 -167 0
-73 -214 0
-73 -261 0
-120 -26 0
-120 -73 0
-120 -167 0
-120 -214 0
-120 -261 0
-167 -26 0
-167 -73 0
-167 -120 0
-167 -214 0
-167 -261 0
-214 -26 0
-214 -73 0
-214 -120 0
-214 -167 0
-214 -261 0
-261 -26 0
-261 -73 0
-261 -120 0
-261 -167 0
-261 -214 0
-27 -74 0
-27 -121 0
-27 -168 0
-27 -215 0
-27 -262 0
-74 -27 0
-74 -121 0
-74 -168 0
-74 -215 0
-74 -262 0
-121 -27 0
-121 -74 0
-121 -168 0
-121 -215 0
-121 -262 0
-168 -27 0
-168 -74 0
-168 -121 0
-168 -215 0
-168 -262 0
-215 -27 0
-215 -74 0
-215 -121 0
-215 -168 0
-215 -262 0
-262 -27 0
-262 -74 0
-262 -121 0
-262 -168 0
-262 -215 0
-28 -75 0
-28 -122 0
-28 -169 0
-28 -216 0
-28 -263 0
-75 -28 0
-75 -122 0
-75 -169 0
-75 -216 0
-75 -263 0
-122 -28 0
-122 -75 0
-122 -169 0
-122 -216 0
-122 -263 0
-169 -28 0
-169 -75 0
-169 -122 0
-169 -216 0
-169 -263 0
-216 -28 0
-216 -75 0
-216 -122 0
-216 -169 0
-216 -263 0
-263 -28 0
-263 -75 0
-263 -122 0
-263 -169 0
-263 -216 0
-29 -76 0
-29 -123 0
-29 -170 0
-29 -217 0
-29 -264 0
-76 -29 0
-76 -123 0
-76 -170 0
-76 -217 0
-76 -264 0
-123 -29 0
-123 -76 0
-123 -170 0
-123 -217 0
-123 -264 0
-170 -29 0
-170 -76 0
-170 -123 0
-170 -217 0
-170 -264 0
-217 -29 0
-217 -76 0
-217 -123 0
-217 -170 0
-217 -264 0
-264 -29 0
-264 -76 0
-264 -123 0
-264 -170 0
-264 -217 0
-30 -77 0
-30 -124 0
-30 -171 0
-30 -218 0
-30 -265 0
-77 -30 0
-77 -124 0
-77 -171 0
-77 -218 0
-77 -265 0
-124 -30 0
-124 -77 0
-124 -171 0
-124 -218 0
-124 -265 0
-171 -30 0
-171 -77 0
-171 -124 0
-171 -218 0
-171 -265 0
-218 -30 0
-218 -77 0
-218 -124 0
-218 -171 0
-218 -265 0
-265 -30 0
-265 -77 0
-265 -124 0
-265 -171 0
-265 -218 0
-31 -78 0
-31 -125 0
-31 -172 0
-31 -219 0
-31 -266 0
-78 -31 0
-78 -125 0
-78 -172 0
-78 -219 0
-78 -266 0
-125 -31 0
-125 -78 0
-125 -172 0
-125 -219 0
-125 -266 0
-172 -31 0
-172 -78 0
-172 -125 0
-172 -219 0
-172 -266 0
-219 -31 0
-219 -78 0
-219 -125 0
-219 -172 0
-219 -266 0
-266 -31 0
-266 -78 0
-266 -125 0
-266 -172 0
-266 -219 0
-32 -79 0
-32 -126 0
-32 -173 0
-32 -220 0
-32 -267 0
-79 -32 0
-79 -126 0
-79 -173 0
-79 -220 0
-79 -267 0
-126 -32 0
-126 -79 0
-126 -173 0
-126 -220 0
-126 -267 0
-173 -32 0
-173 -79 0
-173 -126 0
-173 -220 0
-173 -267 0
-220 -32 0
-220 -79 0
-220 -126 0
-220 -173 0
-220 -267 0
-267 -32 0
-267 -79 0
-267 -126 0
-267 -173 0
-267 -220 0
-33 -80 0
-33 -127 0
-33 -174 0
-33 -221 0
-33 -268 0
-80 -33 0
-80 -127 0
-80 -174 0
-80 -221 0
-80 -268 0
-127 -33 0
-127 -80 0
-127 -174 0
-127 -221 0
-127 -268 0
-174 -33 0
-174 -80 0
-174 -127 0
-174 -221 0
-174 -268 0
-221 -33 0
-221 -80 0
-221 -127 0
-221 -174 0
-221 -268 0
-268 -33 0
-268 -80 0
-268 -127 0
-268 -174 0
-268 -221 0
-34 -81 0
-34 -128 0
-34 -175 0
-34 -222 0
-34 -269 0
-81 -34 0
-81 -128 0
-81 -175 0
-81 -222 0
-81 -269 0
-128 -34 0
-128 -81 0
-128 -175 0
-128 -222 0
-128 -269 0
-175 -34 0
-175 -81 0
-175 -128 0
-175 -222 0
-175 -269 0
-222 -34 0
-222 -81 0
-222 -128 0
-222 -175 0
-222 -269 0
-269 -34 0
-269 -81 0
-269 -128 0
-269 -175 0
-269 -222 0
-35 -82 0
-35 -129 0
-35 -176 0
-35 -223 0
-35 -270 0
-82 -35 0
-82 -129 0
-82 -176 0
-82 -223 0
-82 -270 0
-129 -35 0
-129 -82 0
-129 -176 0
-129 -223 0
-129 -270 0
-176 -35 0
-176 -82 0
-176 -129 0
-176 -223 0
-176 -270 0
-223 -35 0
-223 -82 0
-223 -129 0
-223 -176 0
-223 -270 0
-270 -35 0
-270 -82 0
-270 -129 0
-270 -176 0
-270 -223 0
-36 -83 0
-36 -130 0
-36 -177 0
-36 -224 0
-36 -271 0
-83 -36 0
-83 -130 0
-83 -177 0
-83 -224 0
-83 -271 0
-130 -36 0
-130 -83 0
-130 -177 0
-130 -224 0
-130 -271 0
-177 -36 0
-177 -83 0
-177 -130 0
-177 -224 0
-177 -271 0
-224 -36 0
-224 -83 0
-224 -130 0
-224 -177 0
-224 -271 0
-271 -36 0
-271 -83 0
-271 -130 0
-271 -177 0
-271 -224 0
-37 -84 0
-37 -131 0
-37 -178 0
-37 -225 0
-37 -272 0
-84 -37 0
-84 -131 0
-84 -178 0
-84 -225 0
-84 -272 0
-131 -37 0
-131 -84 0
-131 -178 0
-131 -225 0
-131 -272 0
-178 -37 0
-178 -84 0
-178 -131 0
-178 -225 0
-178 -272 0
-225 -37 0
-225 -84 0
-225 -131 0
-225 -178 0
-225 -272 0
-272 -37 0
-272 -84 0
-272 -131 0
-272 -178 0
-272 -225 0
-38 -85 0
-38 -132 0
-38 -179 0
-38 -226 0
-38 -273 0
-85 -38 0
-85 -132 0
-85 -179 0
-85 -226 0
-85 -273 0
-132 -38 0
-132 -85 0
-132 -179 0
-132 -226 0
-132 -273 0
-179 -38 0
-179 -85 0
-179 -132 0
-179 -226 0
-179 -273 0
-226 -38 0
-226 -85 0
-226 -132 0
-226 -179 0
-226 -273 0
-273 -38 0
-273 -85 0
-273 -132 0
-273 -179 0
-273 -226 0
-39 -86 0
-39 -133 0
-39 -180 0
-39 -227 0
-39 -274 0
-86 -39 0
-86 -133 0
-86 -180 0
-86 -227 0
-86 -274 0
-133 -39 0
-133 -86 0
-133 -180 0
-133 -227 0
-133 -274 0
-180 -39 0
-180 -86 0
-180 -133 0
-180 -227 0
-180 -274 0
-227 -39 0
-227 -86 0
-227 -133 0
-227 -180 0
-227 -274 0
-274 -39 0
-274 -86 0
-274 -133 0
-274 -180 0
-274 -227 0
-40 -87 0
-40 -134 0
-40 -181 0
-40 -228 0
-40 -275 0
-87 -40 0
-87 -134 0
-87 -181 0
-87 -228 0
-87 -275 0
-134 -40 0
-134 -87 0
-134 -181 0
-134 -228 0
-134 -275 0
-181 -40 0
-181 -87 0
-181 -134 0
-181 -228 0
-181 -275 0
-228 -40 0
-228 -87 0
-228 -134 0
-228 -181 0
-228 -275 0
-275 -40 0
-275 -87 0
-275 -134 0
-275 -181 0
-275 -228 0
-41 -88 0
-41 -135 0
-41 -182 0
-41 -229 0
-41 -276 0
-88 -41 0
-88 -135 0
-88 -182 0
-88 -229 0
-88 -276 0
-135 -41 0
-135 -88 0
-135 -182 0
-135 -229 0
-135 -276 0
-182 -41 0
-182 -88 0
-182 -135 0
-182 -229 0
-182 -276 0
-229 -41 0
-229 -88 0
-229 -135 0
-229 -182 0
-229 -276 0
-276 -41 0
-276 -88 0
-276 -135 0
-276 -182 0
-276 -229 0
-42 -89 0
-42 -136 0
-42 -183 0
-42 -230 0
-42 -277 0
-89 -42 0
-89 -136 0
-89 -183 0
-89 -230 0
-89 -277 0
-136 -42 0
-136 -89 0
-136 -183 0
-136 -230 0
-136 -277 0
-183 -42 0
-183 -89 0
-183 -136 0
-183 -230 0
-183 -277 0
-230 -42 0
-230 -89 0
-230 -136 0
-230 -183 0
-230 -277 0
-277 -42 0
-277 -89 0
-277 -136 0
-277 -183 0
-277 -230 0
-43 -90 0
-43 -137 0
-43 -184 0
-43 -231 0
-43 -278 0
-90 -43 0
-90 -137 0
-90 -184 0
-90 -231 0
-90 -278 0
-137 -43 0
-137 -90 0
-137 -184 0
-137 -231 0
-137 -278 0
-184 -43 0
-184 -90 0
-184 -137 0
-184 -231 0
-184 -278 0
-231 -43 0
-231 -90 0
-231 -137 0
-231 -184 0
-231 -278 0
-278 -43 0
-278 -90 0
-278 -137 0
-278 -184 0
-278 -231 0
-44 -91 0
-44 -138 0
-44 -185 0
-44 -232 0
-44 -279 0
-91 -44 0
-91 -138 0
-91 -185 0
-91 -232 0
-91 -279 0
-138 -44 0
-138 -91 0
-138 -185 0
-138 -232 0
-138 -279 0
-185 -44 0
-185 -91 0
-185 -138 0
-185 -232 0
-185 -279 0
-232 -44 0
-232 -91 0
-232 -138 0
-232 -185 0
-232 -279 0
-279 -44 0
-279 -91 0
-279 -138 0
-279 -185 0
-279 -232 0
-45 -92 0
-45 -139 0
-45 -186 0
-45 -233 0
-45 -280 0
-92 -45 0
-92 -139 0
-92 -186 0
-92 -233 0
-92 -280 0
-139 -45 0
-139 -92 0
-139 -186 0
-139 -233 0
-139 -280 0
-186 -45 0
-186 -92 0
-186 -139 0
-186 -233 0
-186 -280 0
-233 -45 0
-233 -92 0
-233 -139 0
-233 -186 0
-233 -280 0
-280 -45 0
-280 -92 0
-280 -139 0
-280 -186 0
-280 -233 0
-46 -93 0
-46 -140 0
-46 -187 0
-46 -234 0
-46 -281 0
-93 -46 0
-93 -140 0
-93 -187 0
-93 -234 0
-93 -281 0
-140 -46 0
-140 -93 0
-140 -187 0
-140 -234 0
-140 -281 0
-187 -46 0
-187 -93 0
-187 -140 0
-187 -234 0
-187 -281 0
-234 -46 0
-234 -93 0
-234 -140 0
-234 -187 0
-234 -281 0
-281 -46 0
-281 -93 0
-281 -140 0
-281 -187 0
-281 -234 0
-47 -94 0
-47 -141 0
-47 -188 0
-47 -235 0
-47 -282 0
-94 -47 0
-94 -141 0
-94 -188 0
-94 -235 0
-94 -282 0
-141 -47 0
-141 -94 0
-141 -188 0
-141 -235 0
-141 -282 0
-188 -47 0
-188 -94 0
-188 -141 0
-188 -235 0
-188 -282 0
-235 -47 0
-235 -94 0
-235 -141 0
-235 -188 0
-235 -282 0
-282 -47 0
-282 -94 0
-282 -141 0
-282 -188 0
-282 -235 0
-1 -2 0
-48 -49 0
-95 -96 0
-142 -143 0
-189 -190 0
-236 -237 0
-1 -3 0
-48 -50 0
-95 -97 0
-142 -144 0
-189 -191 0
-236 -238 0
-1 -8 0
-48 -55 0
-95 -102 0
-142 -149 0
-189 -196 0
-236 -243 0
-1 -11 0
-48 -58 0
-95 -105 0
-142 -152 0
-189 -199 0
-236 -246 0
-1 -13 0
-48 -60 0
-95 -107 0
-142 -154 0
-189 -201 0
-236 -248 0
-1 -14 0
-48 -61 0
-95 -108 0
-142 -155 0
-189 -202 0
-236 -249 0
-1 -19 0
-48 -66 0
-95 -113 0
-142 -160 0
-189 -207 0
-236 -254 0
-1 -22 0
-48 -69 0
-95 -116 0
-142 -163 0
-189 -210 0
-236 -257 0
-1 -25 0
-48 -72 0
-95 -119 0
-142 -166 0
-189 -213 0
-236 -260 0
-1 -26 0
-48 -73 0
-95 -120 0
-142 -167 0
-189 -214 0
-236 -261 0
-1 -31 0
-48 -78 0
-95 -125 0
-142 -172 0
-189 -219 0
-236 -266 0
-1 -34 0
-48 -81 0
-95 -128 0
-142 -175 0
-189 -222 0
-236 -269 0
-1 -36 0
-48 -83 0
-95 -130 0
-142 -177 0
-189 -224 0
-236 -271 0
-1 -37 0
-48 -84 0
-95 -131 0
-142 -178 0
-189 -225 0
-236 -272 0
-1 -42 0
-48 -89 0
-95 -136 0
-142 -183 0
-189 -230 0
-236 -277 0
-1 -45 0
-48 -92 0
-95 -139 0
-142 -186 0
-189 -233 0
-236 -280 0
-2 -1 0
-49 -48 0
-96 -95 0
-143 -142 0
-190 -189 0
-237 -236 0
-2 -4 0
-49 -51 0
-96 -98 0
-143 -145 0
-190 -192 0
-237 -239 0
-2 -7 0
-49 -54 0
-96 -101 0
-143 -148 0
-190 -195 0
-237 -242 0
-2 -10 0
-49 -57 0
-96 -104 0
-143 -151 0
-190 -198 0
-237 -245 0
-2 -12 0
-49 -59 0
-96 -106 0
-143 -153 0
-190 -200 0
-237 -247 0
-2 -15 0
-49 -62 0
-96 -109 0
-143 -156 0
-190 -203 0
-237 -250 0
-2 -18 0
-49 -65 0
-96 -112 0
-143 -159 0
-190 -206 0
-237 -253 0
-2 -21 0
-49 -68 0
-96 -115 0
-143 -162 0
-190 -209 0
-237 -256 0
-2 -24 0
-49 -71 0
-96 -118 0
-143 -165 0
-190 -212 0
-237 -259 0
-2 -27 0
-49 -74 0
-96 -121 0
-143 -168 0
-190 -215 0
-237 -262 0
-2 -30 0
-49 -77 0
-96 -124 0
-143 -171 0
-190 -218 0
-237 -265 0
-2 -33 0
-49 -80 0
-96 -127 0
-143 -174 0
-190 -221 0
-237 -268 0
-2 -35 0
-49 -82 0
-96 -129 0
-143 -176 0
-190 -223 0
-237 -270 0
-2 -38 0
-49 -85 0
-96 -132 0
-143 -179 0
-190 -226 0
-237 -273 0
-2 -41 0
-49 -88 0
-96 -135 0
-143 -182 0
-190 -229 0
-237 -276 0
-2 -44 0
-49 -91 0
-96 -138 0
-143 -185 0
-190 -232 0
-237 -279 0
-3 -1 0
-50 -48 0
-97 -95 0
-144 -142 0
-191 -189 0
-238 -236 0
-3 -5 0
-50 -52 0
-97 -99 0
-144 -146 0
-191 -193 0
-238 -240 0
-3 -7 0
-50 -54 0
-97 -101 0
-144 -148 0
-191 -195 0
-238 -242 0
-3 -9 0
-50 -56 0
-97 -103 0
-144 -150 0
-191 -197 0
-238 -244 0
-3 -12 0
-50 -59 0
-97 -106 0
-144 -153 0
-191 -200 0
-238 -247 0
-3 -16 0
-50 -63 0
-97 -110 0
-144 -157 0
-191 -204 0
-238 -251 0
-3 -18 0
-50 -65 0
-97 -112 0
-144 -159 0
-191 -206 0
-238 -253 0
-3 -20 0
-50 -67 0
-97 -114 0
-144 -161 0
-191 -208 0
-238 -255 0
-3 -24 0
-50 -71 0
-97 -118 0
-144 -165 0
-191 -212 0
-238 -259 0
-3 -28 0
-50 -75 0
-97 -122 0
-144 -169 0
-191 -216 0
-238 -263 0
-3 -30 0
-50 -77 0
-97 -124 0
-144 -171 0
-191 -218 0
-238 -265 0
-3 -32 0
-50 -79 0
-97 -126 0
-144 -173 0
-191 -220 0
-238 -267 0
-3 -35 0
-50 -82 0
-97 -129 0
-144 -176 0
-191 -223 0
-238 -270 0
-3 -39 0
-50 -86 0
-97 -133 0
-144 -180 0
-191 -227 0
-238 -274 0
-3 -41 0
-50 -88 0
-97 -135 0
-144 -182 0
-191 -229 0
-238 -276 0
-3 -43 0
-50 -90 0
-97 -137 0
-144 -184 0
-191 -231 0
-238 -278 0
-4 -2 0
-51 -49 0
-98 -96 0
-145 -143 0
-192 -190 0
-239 -237 0
-4 -5 0
-51 -52 0
-98 -99 0
-145 -146 0
-192 -193 0
-239 -240 0
-4 -9 0
-51 -56 0
-98 -103 0
-145 -150 0
-192 -197 0
-239 -244 0
-4 -11 0
-51 -58 0
-98 -105 0
-145 -152 0
-192 -199 0
-239 -246 0
-4 -13 0
-51 -60 0
-98 -107 0
-145 -154 0
-192 -201 0
-239 -248 0
-4 -16 0
-51 -63 0
-98 -110 0
-145 -157 0
-192 -204 0
-239 -251 0
-4 -20 0
-51 -67 0
-98 -114 0
-145 -161 0
-192 -208 0
-239 -255 0
-4 -22 0
-51 -69 0
-98 -116 0
-145 -163 0
-192 -210 0
-239 -257 0
-4 -25 0
-51 -72 0
-98 -119 0
-145 -166 0
-192 -213 0
-239 -260 0
-4 -28 0
-51 -75 0
-98 -122 0
-145 -169 0
-192 -216 0
-239 -263 0
-4 -32 0
-51 -79 0
-98 -126 0
-145 -173 0
-192 -220 0
-239 -267 0
-4 -34 0
-51 -81 0
-98 -128 0
-145 -175 0
-192 -222 0
-239 -269 0
-4 -36 0
-51 -83 0
-98 -130 0
-145 -177 0
-192 -224 0
-239 -271 0
-4 -39 0
-51 -86 0
-98 -133 0
-145 -180 0
-192 -227 0
-239 -274 0
-4 -43 0
-51 -90 0
-98 -137 0
-145 -184 0
-192 -231 0
-239 -278 0
-4 -45 0
-51 -92 0
-98 -139 0
-145 -186 0
-192 -233 0
-239 -280 0
-5 -3 0
-52 -50 0
-99 -97 0
-146 -144 0
-193 -191 0
-240 -238 0
-5 -4 0
-52 -51 0
-99 -98 0
-146 -145 0
-193 -192 0
-240 -239 0
-5 -8 0
-52 -55 0
-99 -102 0
-146 -149 0
-193 -196 0
-240 -243 0
-5 -10 0
-52 -57 0
-99 -104 0
-146 -151 0
-193 -198 0
-240 -245 0
-5 -14 0
-52 -61 0
-99 -108 0
-146 -155 0
-193 -202 0
-240 -249 0
-5 -15 0
-52 -62 0
-99 -109 0
-146 -156 0
-193 -203 0
-240 -250 0
-5 -19 0
-52 -66 0
-99 -113 0
-146 -160 0
-193 -207 0
-240 -254 0
-5 -21 0
-52 -68 0
-99 -115 0
-146 -162 0
-193 -209 0
-240 -256 0
-5 -26 0
-52 -73 0
-99 -120 0
-146 -167 0
-193 -214 0
-240 -261 0
-5 -27 0
-52 -74 0
-99 -121 0
-146 -168 0
-193 -215 0
-240 -262 0
-5 -31 0
-52 -78 0
-99 -125 0
-146 -172 0
-193 -219 0
-240 -266 0
-5 -33 0
-52 -80 0
-99 -127 0
-146 -174 0
-193 -221 0
-240 -268 0
-5 -37 0
-52 -84 0
-99 -131 0
-146 -178 0
-193 -225 0
-240 -272 0
-5 -38 0
-52 -85 0
-99 -132 0
-146 -179 0
-193 -226 0
-240 -273 0
-5 -42 0
-52 -89 0
-99 -136 0
-146 -183 0
-193 -230 0
-240 -277 0
-5 -44 0
-52 -91 0
-99 -138 0
-146 -185 0
-193 -232 0
-240 -279 0
-6 -7 0
-53 -54 0
-100 -101 0
-147 -148 0
-194 -195 0
-241 -242 0
-6 -8 0
-53 -55 0
-100 -102 0
-147 -149 0
-194 -196 0
-241 -243 0
-6 -9 0
-53 -56 0
-100 -103 0
-147 -150 0
-194 -197 0
-241 -244 0
-6 -10 0
-53 -57 0
-100 -104 0
-147 -151 0
-194 -198 0
-241 -245 0
-6 -11 0
-53 -58 0
-100 -105 0
-147 -152 0
-194 -199 0
-241 -246 0
-6 -18 0
-53 -65 0
-100 -112 0
-147 -159 0
-194 -206 0
-241 -253 0
-6 -19 0
-53 -66 0
-100 -113 0
-147 -160 0
-194 -207 0
-241 -254 0
-6 -20 0
-53 -67 0
-100 -114 0
-147 -161 0
-194 -208 0
-241 -255 0
-6 -21 0
-53 -68 0
-100 -115 0
-147 -162 0
-194 -209 0
-241 -256 0
-6 -22 0
-53 -69 0
-100 -116 0
-147 -163 0
-194 -210 0
-241 -257 0
-6 -30 0
-53 -77 0
-100 -124 0
-147 -171 0
-194 -218 0
-241 -265 0
-6 -31 0
-53 -78 0
-100 -125 0
-147 -172 0
-194 -219 0
-241 -266 0
-6 -32 0
-53 -79 0
-100 -126 0
-147 -173 0
-194 -220 0
-241 -267 0
-6 -33 0
-53 -80 0
-100 -127 0
-147 -174 0
-194 -221 0
-241 -268 0
-6 -34 0
-53 -81 0
-100 -128 0
-147 -175 0
-194 -222 0
-241 -269 0
-6 -41 0
-53 -88 0
-100 -135 0
-147 -182 0
-194 -229 0
-241 -276 0
-6 -42 0
-53 -89 0
-100 -136 0
-147 -183 0
-194 -230 0
-241 -277 0
-6 -43 0
-53 -90 0
-100 -137 0
-147 -184 0
-194 -231 0
-241 -278 0
-6 -44 0
-53 -91 0
-100 -138 0
-147 -185 0
-194 -232 0
-241 -279 0
-6 -45 0
-53 -92 0
-100 -139 0
-147 -186 0
-194 -233 0
-241 -280 0
-7 -2 0
-54 -49 0
-101 -96 0
-148 -143 0
-195 -190 0
-242 -237 0
-7 -3 0
-54 -50 0
-101 -97 0
-148 -144 0
-195 -191 0
-242 -238 0
-7 -6 0
-54 -53 0
-101 -100 0
-148 -147 0
-195 -194 0
-242 -241 0
-7 -13 0
-54 -60 0
-101 -107 0
-148 -154 0
-195 -201 0
-242 -248 0
-7 -14 0
-54 -61 0
-101 -108 0
-148 -155 0
-195 -202 0
-242 -249 0
-7 -17 0
-54 -64 0
-101 -111 0
-148 -158 0
-195 -205 0
-242 -252 0
-7 -25 0
-54 -72 0
-101 -119 0
-148 -166 0
-195 -213 0
-242 -260 0
-7 -26 0
-54 -73 0
-101 -120 0
-148 -167 0
-195 -214 0
-242 -261 0
-7 -29 0
-54 -76 0
-101 -123 0
-148 -170 0
-195 -217 0
-242 -264 0
-7 -36 0
-54 -83 0
-101 -130 0
-148 -177 0
-195 -224 0
-242 -271 0
-7 -37 0
-54 -84 0
-101 -131 0
-148 -178 0
-195 -225 0
-242 -272 0
-7 -40 0
-54 -87 0
-101 -134 0
-148 -181 0
-195 -228 0
-242 -275 0
-8 -1 0
-55 -48 0
-102 -95 0
-149 -142 0
-196 -189 0
-243 -236 0
-8 -5 0
-55 -52 0
-102 -99 0
-149 -146 0
-196 -193 0
-243 -240 0
-8 -6 0
-55 -53 0
-102 -100 0
-149 -147 0
-196 -194 0
-243 -241 0
-8 -12 0
-55 -59 0
-102 -106 0
-149 -153 0
-196 -200 0
-243 -247 0
-8 -16 0
-55 -63 0
-102 -110 0
-149 -157 0
-196 -204 0
-243 -251 0
-8 -17 0
-55 -64 0
-102 -111 0
-149 -158 0
-196 -205 0
-243 -252 0
-8 -24 0
-55 -71 0
-102 -118 0
-149 -165 0
-196 -212 0
-243 -259 0
-8 -28 0
-55 -75 0
-102 -122 0
-149 -169 0
-196 -216 0
-243 -263 0
-8 -29 0
-55 -76 0
-102 -123 0
-149 -170 0
-196 -217 0
-243 -264 0
-8 -35 0
-55 -82 0
-102 -129 0
-149 -176 0
-196 -223 0
-243 -270 0
-8 -39 0
-55 -86 0
-102 -133 0
-149 -180 0
-196 -227 0
-243 -274 0
-8 -40 0
-55 -87 0
-102 -134 0
-149 -181 0
-196 -228 0
-243 -275 0
-9 -3 0
-56 -50 0
-103 -97 0
-150 -144 0
-197 -191 0
-244 -238 0
-9 -4 0
-56 -51 0
-103 -98 0
-150 -145 0
-197 -192 0
-244 -239 0
-9 -6 0
-56 -53 0
-103 -100 0
-150 -147 0
-197 -194 0
-244 -241 0
-9 -14 0
-56 -61 0
-103 -108 0
-150 -155 0
-197 -202 0
-244 -249 0
-9 -15 0
-56 -62 0
-103 -109 0
-150 -156 0
-197 -203 0
-244 -250 0
-9 -17 0
-56 -64 0
-103 -111 0
-150 -158 0
-197 -205 0
-244 -252 0
-9 -26 0
-56 -73 0
-103 -120 0
-150 -167 0
-197 -214 0
-244 -261 0
-9 -27 0
-56 -74 0
-103 -121 0
-150 -168 0
-197 -215 0
-244 -262 0
-9 -29 0
-56 -76 0
-103 -123 0
-150 -170 0
-197 -217 0
-244 -264 0
-9 -37 0
-56 -84 0
-103 -131 0
-150 -178 0
-197 -225 0
-244 -272 0
-9 -38 0
-56 -85 0
-103 -132 0
-150 -179 0
-197 -226 0
-244 -273 0
-9 -40 0
-56 -87 0
-103 -134 0
-150 -181 0
-197 -228 0
-244 -275 0
-10 -2 0
-57 -49 0
-104 -96 0
-151 -143 0
-198 -190 0
-245 -237 0
-10 -5 0
-57 -52 0
-104 -99 0
-151 -146 0
-198 -193 0
-245 -240 0
-10 -6 0
-57 -53 0
-104 -100 0
-151 -147 0
-198 -194 0
-245 -241 0
-10 -13 0
-57 -60 0
-104 -107 0
-151 -154 0
-198 -201 0
-245 -248 0
-10 -16 0
-57 -63 0
-104 -110 0
-151 -157 0
-198 -204 0
-245 -251 0
-10 -17 0
-57 -64 0
-104 -111 0
-151 -158 0
-198 -205 0
-245 -252 0
-10 -25 0
-57 -72 0
-104 -119 0
-151 -166 0
-198 -213 0
-245 -260 0
-10 -28 0
-57 -75 0
-104 -122 0
-151 -169 0
-198 -216 0
-245 -263 0
-10 -29 0
-57 -76 0
-104 -123 0
-151 -170 0
-198 -217 0
-245 -264 0
-10 -36 0
-57 -83 0
-104 -130 0
-151 -177 0
-198 -224 0
-245 -271 0
-10 -39 0
-57 -86 0
-104 -133 0
-151 -180 0
-198 -227 0
-245 -274 0
-10 -40 0
-57 -87 0
-104 -134 0
-151 -181 0
-198 -228 0
-245 -275 0
-11 -1 0
-58 -48 0
-105 -95 0
-152 -142 0
-199 -189 0
-246 -236 0
-11 -4 0
-58 -51 0
-105 -98 0
-152 -145 0
-199 -192 0
-246 -239 0
-11 -6 0
-58 -53 0
-105 -100 0
-152 -147 0
-199 -194 0
-246 -241 0
-11 -12 0
-58 -59 0
-105 -106 0
-152 -153 0
-199 -200 0
-246 -247 0
-11 -15 0
-58 -62 0
-105 -109 0
-152 -156 0
-199 -203 0
-246 -250 0
-11 -17 0
-58 -64 0
-105 -111 0
-152 -158 0
-199 -205 0
-246 -252 0
-11 -24 0
-58 -71 0
-105 -118 0
-152 -165 0
-199 -212 0
-246 -259 0
-11 -27 0
-58 -74 0
-105 -121 0
-152 -168 0
-199 -215 0
-246 -262 0
-11 -29 0
-58 -76 0
-105 -123 0
-152 -170 0
-199 -217 0
-246 -264 0
-11 -35 0
-58 -82 0
-105 -129 0
-152 -176 0
-199 -223 0
-246 -270 0
-11 -38 0
-58 -85 0
-105 -132 0
-152 -179 0
-199 -226 0
-246 -273 0
-11 -40 0
-58 -87 0
-105 -134 0
-152 -181 0
-199 -228 0
-246 -275 0
-12 -2 0
-59 -49 0
-106 -96 0
-153 -143 0
-200 -190 0
-247 -237 0
-12 -3 0
-59 -50 0
-106 -97 0
-153 -144 0
-200 -191 0
-247 -238 0
-12 -8 0
-59 -55 0
-106 -102 0
-153 -149 0
-200 -196 0
-247 -243 0
-12 -11 0
-59 -58 0
-106 -105 0
-153 -152 0
-200 -199 0
-247 -246 0
-12 -23 0
-59 -70 0
-106 -117 0
-153 -164 0
-200 -211 0
-247 -258 0
-12 -25 0
-59 -72 0
-106 -119 0
-153 -166 0
-200 -213 0
-247 -260 0
-12 -26 0
-59 -73 0
-106 -120 0
-153 -167 0
-200 -214 0
-247 -261 0
-12 -31 0
-59 -78 0
-106 -125 0
-153 -172 0
-200 -219 0
-247 -266 0
-12 -34 0
-59 -81 0
-106 -128 0
-153 -175 0
-200 -222 0
-247 -269 0
-12 -46 0
-59 -93 0
-106 -140 0
-153 -187 0
-200 -234 0
-247 -281 0
-13 -1 0
-60 -48 0
-107 -95 0
-154 -142 0
-201 -189 0
-248 -236 0
-13 -4 0
-60 -51 0
-107 -98 0
-154 -145 0
-201 -192 0
-248 -239 0
-13 -7 0
-60 -54 0
-107 -101 0
-154 -148 0
-201 -195 0
-248 -242 0
-13 -10 0
-60 -57 0
-107 -104 0
-154 -151 0
-201 -198 0
-248 -245 0
-13 -23 0
-60 -70 0
-107 -117 0
-154 -164 0
-201 -211 0
-248 -258 0
-13 -24 0
-60 -71 0
-107 -118 0
-154 -165 0
-201 -212 0
-248 -259 0
-13 -27 0
-60 -74 0
-107 -121 0
-154 -168 0
-201 -215 0
-248 -262 0
-13 -30 0
-60 -77 0
-107 -124 0
-154 -171 0
-201 -218 0
-248 -265 0
-13 -33 0
-60 -80 0
-107 -127 0
-154 -174 0
-201 -221 0
-248 -268 0
-13 -46 0
-60 -93 0
-107 -140 0
-154 -187 0
-201 -234 0
-248 -281 0
-14 -1 0
-61 -48 0
-108 -95 0
-155 -142 0
-202 -189 0
-249 -236 0
-14 -5 0
-61 -52 0
-108 -99 0
-155 -146 0
-202 -193 0
-249 -240 0
-14 -7 0
-61 -54 0
-108 -101 0
-155 -148 0
-202 -195 0
-249 -242 0
-14 -9 0
-61 -56 0
-108 -103 0
-155 -150 0
-202 -197 0
-249 -244 0
-14 -23 0
-61 -70 0
-108 -117 0
-155 -164 0
-202 -211 0
-249 -258 0
-14 -24 0
-61 -71 0
-108 -118 0
-155 -165 0
-202 -212 0
-249 -259 0
-14 -28 0
-61 -75 0
-108 -122 0
-155 -169 0
-202 -216 0
-249 -263 0
-14 -30 0
-61 -77 0
-108 -124 0
-155 -171 0
-202 -218 0
-249 -265 0
-14 -32 0
-61 -79 0
-108 -126 0
-155 -173 0
-202 -220 0
-249 -267 0
-14 -46 0
-61 -93 0
-108 -140 0
-155 -187 0
-202 -234 0
-249 -281 0
-15 -2 0
-62 -49 0
-109 -96 0
-156 -143 0
-203 -190 0
-250 -237 0
-15 -5 0
-62 -52 0
-109 -99 0
-156 -146 0
-203 -193 0
-250 -240 0
-15 -9 0
-62 -56 0
-109 -103 0
-156 -150 0
-203 -197 0
-250 -244 0
-15 -11 0
-62 -58 0
-109 -105 0
-156 -152 0
-203 -199 0
-250 -246 0
-15 -23 0
-62 -70 0
-109 -117 0
-156 -164 0
-203 -211 0
-250 -258 0
-15 -25 0
-62 -72 0
-109 -119 0
-156 -166 0
-203 -213 0
-250 -260 0
-15 -28 0
-62 -75 0
-109 -122 0
-156 -169 0
-203 -216 0
-250 -263 0
-15 -32 0
-62 -79 0
-109 -126 0
-156 -173 0
-203 -220 0
-250 -267 0
-15 -34 0
-62 -81 0
-109 -128 0
-156 -175 0
-203 -222 0
-250 -269 0
-15 -46 0
-62 -93 0
-109 -140 0
-156 -187 0
-203 -234 0
-250 -281 0
-16 -3 0
-63 -50 0
-110 -97 0
-157 -144 0
-204 -191 0
-251 -238 0
-16 -4 0
-63 -51 0
-110 -98 0
-157 -145 0
-204 -192 0
-251 -239 0
-16 -8 0
-63 -55 0
-110 -102 0
-157 -149 0
-204 -196 0
-251 -243 0
-16 -10 0
-63 -57 0
-110 -104 0
-157 -151 0
-204 -198 0
-251 -245 0
-16 -23 0
-63 -70 0
-110 -117 0
-157 -164 0
-204 -211 0
-251 -258 0
-16 -26 0
-63 -73 0
-110 -120 0
-157 -167 0
-204 -214 0
-251 -261 0
-16 -27 0
-63 -74 0
-110 -121 0
-157 -168 0
-204 -215 0
-251 -262 0
-16 -31 0
-63 -78 0
-110 -125 0
-157 -172 0
-204 -219 0
-251 -266 0
-16 -33 0
-63 -80 0
-110 -127 0
-157 -174 0
-204 -221 0
-251 -268 0
-16 -46 0
-63 -93 0
-110 -140 0
-157 -187 0
-204 -234 0
-251 -281 0
-17 -7 0
-64 -54 0
-111 -101 0
-158 -148 0
-205 -195 0
-252 -242 0
-17 -8 0
-64 -55 0
-111 -102 0
-158 -149 0
-205 -196 0
-252 -243 0
-17 -9 0
-64 -56 0
-111 -103 0
-158 -150 0
-205 -197 0
-252 -244 0
-17 -10 0
-64 -57 0
-111 -104 0
-158 -151 0
-205 -198 0
-252 -245 0
-17 -11 0
-64 -58 0
-111 -105 0
-158 -152 0
-205 -199 0
-252 -246 0
-17 -23 0
-64 -70 0
-111 -117 0
-158 -164 0
-205 -211 0
-252 -258 0
-17 -30 0
-64 -77 0
-111 -124 0
-158 -171 0
-205 -218 0
-252 -265 0
-17 -31 0
-64 -78 0
-111 -125 0
-158 -172 0
-205 -219 0
-252 -266 0
-17 -32 0
-64 -79 0
-111 -126 0
-158 -173 0
-205 -220 0
-252 -267 0
-17 -33 0
-64 -80 0
-111 -127 0
-158 -174 0
-205 -221 0
-252 -268 0
-17 -34 0
-64 -81 0
-111 -128 0
-158 -175 0
-205 -222 0
-252 -269 0
-17 -46 0
-64 -93 0
-111 -140 0
-158 -187 0
-205 -234 0
-252 -281 0
-18 -2 0
-65 -49 0
-112 -96 0
-159 -143 0
-206 -190 0
-253 -237 0
-18 -3 0
-65 -50 0
-112 -97 0
-159 -144 0
-206 -191 0
-253 -238 0
-18 -6 0
-65 -53 0
-112 -100 0
-159 -147 0
-206 -194 0
-253 -241 0
-18 -23 0
-65 -70 0
-112 -117 0
-159 -164 0
-206 -211 0
-253 -258 0
-18 -25 0
-65 -72 0
-112 -119 0
-159 -166 0
-206 -213 0
-253 -260 0
-18 -26 0
-65 -73 0
-112 -120 0
-159 -167 0
-206 -214 0
-253 -261 0
-18 -29 0
-65 -76 0
-112 -123 0
-159 -170 0
-206 -217 0
-253 -264 0
-18 -46 0
-65 -93 0
-112 -140 0
-159 -187 0
-206 -234 0
-253 -281 0
-19 -1 0
-66 -48 0
-113 -95 0
-160 -142 0
-207 -189 0
-254 -236 0
-19 -5 0
-66 -52 0
-113 -99 0
-160 -146 0
-207 -193 0
-254 -240 0
-19 -6 0
-66 -53 0
-113 -100 0
-160 -147 0
-207 -194 0
-254 -241 0
-19 -23 0
-66 -70 0
-113 -117 0
-160 -164 0
-207 -211 0
-254 -258 0
-19 -24 0
-66 -71 0
-113 -118 0
-160 -165 0
-207 -212 0
-254 -259 0
-19 -28 0
-66 -75 0
-113 -122 0
-160 -169 0
-207 -216 0
-254 -263 0
-19 -29 0
-66 -76 0
-113 -123 0
-160 -170 0
-207 -217 0
-254 -264 0
-19 -46 0
-66 -93 0
-113 -140 0
-160 -187 0
-207 -234 0
-254 -281 0
-20 -3 0
-67 -50 0
-114 -97 0
-161 -144 0
-208 -191 0
-255 -238 0
-20 -4 0
-67 -51 0
-114 -98 0
-161 -145 0
-208 -192 0
-255 -239 0
-20 -6 0
-67 -53 0
-114 -100 0
-161 -147 0
-208 -194 0
-255 -241 0
-20 -23 0
-67 -70 0
-114 -117 0
-161 -164 0
-208 -211 0
-255 -258 0
-20 -26 0
-67 -73 0
-114 -120 0
-161 -167 0
-208 -214 0
-255 -261 0
-20 -27 0
-67 -74 0
-114 -121 0
-161 -168 0
-208 -215 0
-255 -262 0
-20 -29 0
-67 -76 0
-114 -123 0
-161 -170 0
-208 -217 0
-255 -264 0
-20 -46 0
-67 -93 0
-114 -140 0
-161 -187 0
-208 -234 0
-255 -281 0
-21 -2 0
-68 -49 0
-115 -96 0
-162 -143 0
-209 -190 0
-256 -237 0
-21 -5 0
-68 -52 0
-115 -99 0
-162 -146 0
-209 -193 0
-256 -240 0
-21 -6 0
-68 -53 0
-115 -100 0
-162 -147 0
-209 -194 0
-256 -241 0
-21 -23 0
-68 -70 0
-115 -117 0
-162 -164 0
-209 -211 0
-256 -258 0
-21 -25 0
-68 -72 0
-115 -119 0
-162 -166 0
-209 -213 0
-256 -260 0
-21 -28 0
-68 -75 0
-115 -122 0
-162 -169 0
-209 -216 0
-256 -263 0
-21 -29 0
-68 -76 0
-115 -123 0
-162 -170 0
-209 -217 0
-256 -264 0
-21 -46 0
-68 -93 0
-115 -140 0
-162 -187 0
-209 -234 0
-256 -281 0
-22 -1 0
-69 -48 0
-116 -95 0
-163 -142 0
-210 -189 0
-257 -236 0
-22 -4 0
-69 -51 0
-116 -98 0
-163 -145 0
-210 -192 0
-257 -239 0
-22 -6 0
-69 -53 0
-116 -100 0
-163 -147 0
-210 -194 0
-257 -241 0
-22 -23 0
-69 -70 0
-116 -117 0
-163 -164 0
-210 -211 0
-257 -258 0
-22 -24 0
-69 -71 0
-116 -118 0
-163 -165 0
-210 -212 0
-257 -259 0
-22 -27 0
-69 -74 0
-116 -121 0
-163 -168 0
-210 -215 0
-257 -262 0
-22 -29 0
-69 -76 0
-116 -123 0
-163 -170 0
-210 -217 0
-257 -264 0
-22 -46 0
-69 -93 0
-116 -140 0
-163 -187 0
-210 -234 0
-257 -281 0
-23 -12 0
-70 -59 0
-117 -106 0
-164 -153 0
-211 -200 0
-258 -247 0
-23 -13 0
-70 -60 0
-117 -107 0
-164 -154 0
-211 -201 0
-258 -248 0
-23 -14 0
-70 -61 0
-117 -108 0
-164 -155 0
-211 -202 0
-258 -249 0
-23 -15 0
-70 -62 0
-117 -109 0
-164 -156 0
-211 -203 0
-258 -250 0
-23 -16 0
-70 -63 0
-117 -110 0
-164 -157 0
-211 -204 0
-258 -251 0
-23 -17 0
-70 -64 0
-117 -111 0
-164 -158 0
-211 -205 0
-258 -252 0
-23 -18 0
-70 -65 0
-117 -112 0
-164 -159 0
-211 -206 0
-258 -253 0
-23 -19 0
-70 -66 0
-117 -113 0
-164 -160 0
-211 -207 0
-258 -254 0
-23 -20 0
-70 -67 0
-117 -114 0
-164 -161 0
-211 -208 0
-258 -255 0
-23 -21 0
-70 -68 0
-117 -115 0
-164 -162 0
-211 -209 0
-258 -256 0
-23 -22 0
-70 -69 0
-117 -116 0
-164 -163 0
-211 -210 0
-258 -257 0
-23 -35 0
-70 -82 0
-117 -129 0
-164 -176 0
-211 -223 0
-258 -270 0
-23 -36 0
-70 -83 0
-117 -130 0
-164 -177 0
-211 -224 0
-258 -271 0
-23 -37 0
-70 -84 0
-117 -131 0
-164 -178 0
-211 -225 0
-258 -272 0
-23 -38 0
-70 -85 0
-117 -132 0
-164 -179 0
-211 -226 0
-258 -273 0
-23 -39 0
-70 -86 0
-117 -133 0
-164 -180 0
-211 -227 0
-258 -274 0
-23 -40 0
-70 -87 0
-117 -134 0
-164 -181 0
-211 -228 0
-258 -275 0
-23 -41 0
-70 -88 0
-117 -135 0
-164 -182 0
-211 -229 0
-258 -276 0
-23 -42 0
-70 -89 0
-117 -136 0
-164 -183 0
-211 -230 0
-258 -277 0
-23 -43 0
-70 -90 0
-117 -137 0
-164 -184 0
-211 -231 0
-258 -278 0
-23 -44 0
-70 -91 0
-117 -138 0
-164 -185 0
-211 -232 0
-258 -279 0
-23 -45 0
-70 -92 0
-117 -139 0
-164 -186 0
-211 -233 0
-258 -280 0
-24 -2 0
-71 -49 0
-118 -96 0
-165 -143 0
-212 -190 0
-259 -237 0
-24 -3 0
-71 -50 0
-118 -97 0
-165 -144 0
-212 -191 0
-259 -238 0
-24 -8 0
-71 -55 0
-118 -102 0
-165 -149 0
-212 -196 0
-259 -243 0
-24 -11 0
-71 -58 0
-118 -105 0
-165 -152 0
-212 -199 0
-259 -246 0
-24 -13 0
-71 -60 0
-118 -107 0
-165 -154 0
-212 -201 0
-259 -248 0
-24 -14 0
-71 -61 0
-118 -108 0
-165 -155 0
-212 -202 0
-259 -249 0
-24 -19 0
-71 -66 0
-118 -113 0
-165 -160 0
-212 -207 0
-259 -254 0
-24 -22 0
-71 -69 0
-118 -116 0
-165 -163 0
-212 -210 0
-259 -257 0
-24 -47 0
-71 -94 0
-118 -141 0
-165 -188 0
-212 -235 0
-259 -282 0
-25 -1 0
-72 -48 0
-119 -95 0
-166 -142 0
-213 -189 0
-260 -236 0
-25 -4 0
-72 -51 0
-119 -98 0
-166 -145 0
-213 -192 0
-260 -239 0
-25 -7 0
-72 -54 0
-119 -101 0
-166 -148 0
-213 -195 0
-260 -242 0
-25 -10 0
-72 -57 0
-119 -104 0
-166 -151 0
-213 -198 0
-260 -245 0
-25 -12 0
-72 -59 0
-119 -106 0
-166 -153 0
-213 -200 0
-260 -247 0
-25 -15 0
-72 -62 0
-119 -109 0
-166 -156 0
-213 -203 0
-260 -250 0
-25 -18 0
-72 -65 0
-119 -112 0
-166 -159 0
-213 -206 0
-260 -253 0
-25 -21 0
-72 -68 0
-119 -115 0
-166 -162 0
-213 -209 0
-260 -256 0
-25 -47 0
-72 -94 0
-119 -141 0
-166 -188 0
-213 -235 0
-260 -282 0
-26 -1 0
-73 -48 0
-120 -95 0
-167 -142 0
-214 -189 0
-261 -236 0
-26 -5 0
-73 -52 0
-120 -99 0
-167 -146 0
-214 -193 0
-261 -240 0
-26 -7 0
-73 -54 0
-120 -101 0
-167 -148 0
-214 -195 0
-261 -242 0
-26 -9 0
-73 -56 0
-120 -103 0
-167 -150 0
-214 -197 0
-261 -244 0
-26 -12 0
-73 -59 0
-120 -106 0
-167 -153 0
-214 -200 0
-261 -247 0
-26 -16 0
-73 -63 0
-120 -110 0
-167 -157 0
-214 -204 0
-261 -251 0
-26 -18 0
-73 -65 0
-120 -112 0
-167 -159 0
-214 -206 0
-261 -253 0
-26 -20 0
-73 -67 0
-120 -114 0
-167 -161 0
-214 -208 0
-261 -255 0
-26 -47 0
-73 -94 0
-120 -141 0
-167 -188 0
-214 -235 0
-261 -282 0
-27 -2 0
-74 -49 0
-121 -96 0
-168 -143 0
-215 -190 0
-262 -237 0
-27 -5 0
-74 -52 0
-121 -99 0
-168 -146 0
-215 -193 0
-262 -240 0
-27 -9 0
-74 -56 0
-121 -103 0
-168 -150 0
-215 -197 0
-262 -244 0
-27 -11 0
-74 -58 0
-121 -105 0
-168 -152 0
-215 -199 0
-262 -246 0
-27 -13 0
-74 -60 0
-121 -107 0
-168 -154 0
-215 -201 0
-262 -248 0
-27 -16 0
-74 -63 0
-121 -110 0
-168 -157 0
-215 -204 0
-262 -251 0
-27 -20 0
-74 -67 0
-121 -114 0
-168 -161 0
-215 -208 0
-262 -255 0
-27 -22 0
-74 -69 0
-121 -116 0
-168 -163 0
-215 -210 0
-262 -257 0
-27 -47 0
-74 -94 0
-121 -141 0
-168 -188 0
-215 -235 0
-262 -282 0
-28 -3 0
-75 -50 0
-122 -97 0
-169 -144 0
-216 -191 0
-263 -238 0
-28 -4 0
-75 -51 0
-122 -98 0
-169 -145 0
-216 -192 0
-263 -239 0
-28 -8 0
-75 -55 0
-122 -102 0
-169 -149 0
-216 -196 0
-263 -243 0
-28 -10 0
-75 -57 0
-122 -104 0
-169 -151 0
-216 -198 0
-263 -245 0
-28 -14 0
-75 -61 0
-122 -108 0
-169 -155 0
-216 -202 0
-263 -249 0
-28 -15 0
-75 -62 0
-122 -109 0
-169 -156 0
-216 -203 0
-263 -250 0
-28 -19 0
-75 -66 0
-122 -113 0
-169 -160 0
-216 -207 0
-263 -254 0
-28 -21 0
-75 -68 0
-122 -115 0
-169 -162 0
-216 -209 0
-263 -256 0
-28 -47 0
-75 -94 0
-122 -141 0
-169 -188 0
-216 -235 0
-263 -282 0
-29 -7 0
-76 -54 0
-123 -101 0
-170 -148 0
-217 -195 0
-264 -242 0
-29 -8 0
-76 -55 0
-123 -102 0
-170 -149 0
-217 -196 0
-264 -243 0
-29 -9 0
-76 -56 0
-123 -103 0
-170 -150 0
-217 -197 0
-264 -244 0
-29 -10 0
-76 -57 0
-123 -104 0
-170 -151 0
-217 -198 0
-264 -245 0
-29 -11 0
-76 -58 0
-123 -105 0
-170 -152 0
-217 -199 0
-264 -246 0
-29 -18 0
-76 -65 0
-123 -112 0
-170 -159 0
-217 -206 0
-264 -253 0
-29 -19 0
-76 -66 0
-123 -113 0
-170 -160 0
-217 -207 0
-264 -254 0
-29 -20 0
-76 -67 0
-123 -114 0
-170 -161 0
-217 -208 0
-264 -255 0
-29 -21 0
-76 -68 0
-123 -115 0
-170 -162 0
-217 -209 0
-264 -256 0
-29 -22 0
-76 -69 0
-123 -116 0
-170 -163 0
-217 -210 0
-264 -257 0
-29 -47 0
-76 -94 0
-123 -141 0
-170 -188 0
-217 -235 0
-264 -282 0
-30 -2 0
-77 -49 0
-124 -96 0
-171 -143 0
-218 -190 0
-265 -237 0
-30 -3 0
-77 -50 0
-124 -97 0
-171 -144 0
-218 -191 0
-265 -238 0
-30 -6 0
-77 -53 0
-124 -100 0
-171 -147 0
-218 -194 0
-265 -241 0
-30 -13 0
-77 -60 0
-124 -107 0
-171 -154 0
-218 -201 0
-265 -248 0
-30 -14 0
-77 -61 0
-124 -108 0
-171 -155 0
-218 -202 0
-265 -249 0
-30 -17 0
-77 -64 0
-124 -111 0
-171 -158 0
-218 -205 0
-265 -252 0
-30 -47 0
-77 -94 0
-124 -141 0
-171 -188 0
-218 -235 0
-265 -282 0
-31 -1 0
-78 -48 0
-125 -95 0
-172 -142 0
-219 -189 0
-266 -236 0
-31 -5 0
-78 -52 0
-125 -99 0
-172 -146 0
-219 -193 0
-266 -240 0
-31 -6 0
-78 -53 0
-125 -100 0
-172 -147 0
-219 -194 0
-266 -241 0
-31 -12 0
-78 -59 0
-125 -106 0
-172 -153 0
-219 -200 0
-266 -247 0
-31 -16 0
-78 -63 0
-125 -110 0
-172 -157 0
-219 -204 0
-266 -251 0
-31 -17 0
-78 -64 0
-125 -111 0
-172 -158 0
-219 -205 0
-266 -252 0
-31 -47 0
-78 -94 0
-125 -141 0
-172 -188 0
-219 -235 0
-266 -282 0
-32 -3 0
-79 -50 0
-126 -97 0
-173 -144 0
-220 -191 0
-267 -238 0
-32 -4 0
-79 -51 0
-126 -98 0
-173 -145 0
-220 -192 0
-267 -239 0
-32 -6 0
-79 -53 0
-126 -100 0
-173 -147 0
-220 -194 0
-267 -241 0
-32 -14 0
-79 -61 0
-126 -108 0
-173 -155 0
-220 -202 0
-267 -249 0
-32 -15 0
-79 -62 0
-126 -109 0
-173 -156 0
-220 -203 0
-267 -250 0
-32 -17 0
-79 -64 0
-126 -111 0
-173 -158 0
-220 -205 0
-267 -252 0
-32 -47 0
-79 -94 0
-126 -141 0
-173 -188 0
-220 -235 0
-267 -282 0
-33 -2 0
-80 -49 0
-127 -96 0
-174 -143 0
-221 -190 0
-268 -237 0
-33 -5 0
-80 -52 0
-127 -99 0
-174 -146 0
-221 -193 0
-268 -240 0
-33 -6 0
-80 -53 0
-127 -100 0
-174 -147 0
-221 -194 0
-268 -241 0
-33 -13 0
-80 -60 0
-127 -107 0
-174 -154 0
-221 -201 0
-268 -248 0
-33 -16 0
-80 -63 0
-127 -110 0
-174 -157 0
-221 -204 0
-268 -251 0
-33 -17 0
-80 -64 0
-127 -111 0
-174 -158 0
-221 -205 0
-268 -252 0
-33 -47 0
-80 -94 0
-127 -141 0
-174 -188 0
-221 -235 0
-268 -282 0
-34 -1 0
-81 -48 0
-128 -95 0
-175 -142 0
-222 -189 0
-269 -236 0
-34 -4 0
-81 -51 0
-128 -98 0
-175 -145 0
-222 -192 0
-269 -239 0
-34 -6 0
-81 -53 0
-128 -100 0
-175 -147 0
-222 -194 0
-269 -241 0
-34 -12 0
-81 -59 0
-128 -106 0
-175 -153 0
-222 -200 0
-269 -247 0
-34 -15 0
-81 -62 0
-128 -109 0
-175 -156 0
-222 -203 0
-269 -250 0
-34 -17 0
-81 -64 0
-128 -111 0
-175 -158 0
-222 -205 0
-269 -252 0
-34 -47 0
-81 -94 0
-128 -141 0
-175 -188 0
-222 -235 0
-269 -282 0
-35 -2 0
-82 -49 0
-129 -96 0
-176 -143 0
-223 -190 0
-270 -237 0
-35 -3 0
-82 -50 0
-129 -97 0
-176 -144 0
-223 -191 0
-270 -238 0
-35 -8 0
-82 -55 0
-129 -102 0
-176 -149 0
-223 -196 0
-270 -243 0
-35 -11 0
-82 -58 0
-129 -105 0
-176 -152 0
-223 -199 0
-270 -246 0
-35 -23 0
-82 -70 0
-129 -117 0
-176 -164 0
-223 -211 0
-270 -258 0
-35 -47 0
-82 -94 0
-129 -141 0
-176 -188 0
-223 -235 0
-270 -282 0
-36 -1 0
-83 -48 0
-130 -95 0
-177 -142 0
-224 -189 0
-271 -236 0
-36 -4 0
-83 -51 0
-130 -98 0
-177 -145 0
-224 -192 0
-271 -239 0
-36 -7 0
-83 -54 0
-130 -101 0
-177 -148 0
-224 -195 0
-271 -242 0
-36 -10 0
-83 -57 0
-130 -104 0
-177 -151 0
-224 -198 0
-271 -245 0
-36 -23 0
-83 -70 0
-130 -117 0
-177 -164 0
-224 -211 0
-271 -258 0
-36 -47 0
-83 -94 0
-130 -141 0
-177 -188 0
-224 -235 0
-271 -282 0
-37 -1 0
-84 -48 0
-131 -95 0
-178 -142 0
-225 -189 0
-272 -236 0
-37 -5 0
-84 -52 0
-131 -99 0
-178 -146 0
-225 -193 0
-272 -240 0
-37 -7 0
-84 -54 0
-131 -101 0
-178 -148 0
-225 -195 0
-272 -242 0
-37 -9 0
-84 -56 0
-131 -103 0
-178 -150 0
-225 -197 0
-272 -244 0
-37 -23 0
-84 -70 0
-131 -117 0
-178 -164 0
-225 -211 0
-272 -258 0
-37 -47 0
-84 -94 0
-131 -141 0
-178 -188 0
-225 -235 0
-272 -282 0
-38 -2 0
-85 -49 0
-132 -96 0
-179 -143 0
-226 -190 0
-273 -237 0
-38 -5 0
-85 -52 0
-132 -99 0
-179 -146 0
-226 -193 0
-273 -240 0
-38 -9 0
-85 -56 0
-132 -103 0
-179 -150 0
-226 -197 0
-273 -244 0
-38 -11 0
-85 -58 0
-132 -105 0
-179 -152 0
-226 -199 0
-273 -246 0
-38 -23 0
-85 -70 0
-132 -117 0
-179 -164 0
-226 -211 0
-273 -258 0
-38 -47 0
-85 -94 0
-132 -141 0
-179 -188 0
-226 -235 0
-273 -282 0
-39 -3 0
-86 -50 0
-133 -97 0
-180 -144 0
-227 -191 0
-274 -238 0
-39 -4 0
-86 -51 0
-133 -98 0
-180 -145 0
-227 -192 0
-274 -239 0
-39 -8 0
-86 -55 0
-133 -102 0
-180 -149 0
-227 -196 0
-274 -243 0
-39 -10 0
-86 -57 0
-133 -104 0
-180 -151 0
-227 -198 0
-274 -245 0
-39 -23 0
-86 -70 0
-133 -117 0
-180 -164 0
-227 -211 0
-274 -258 0
-39 -47 0
-86 -94 0
-133 -141 0
-180 -188 0
-227 -235 0
-274 -282 0
-40 -7 0
-87 -54 0
-134 -101 0
-181 -148 0
-228 -195 0
-275 -242 0
-40 -8 0
-87 -55 0
-134 -102 0
-181 -149 0
-228 -196 0
-275 -243 0
-40 -9 0
-87 -56 0
-134 -103 0
-181 -150 0
-228 -197 0
-275 -244 0
-40 -10 0
-87 -57 0
-134 -104 0
-181 -151 0
-228 -198 0
-275 -245 0
-40 -11 0
-87 -58 0
-134 -105 0
-181 -152 0
-228 -199 0
-275 -246 0
-40 -23 0
-87 -70 0
-134 -117 0
-181 -164 0
-228 -211 0
-275 -258 0
-40 -47 0
-87 -94 0
-134 -141 0
-181 -188 0
-228 -235 0
-275 -282 0
-41 -2 0
-88 -49 0
-135 -96 0
-182 -143 0
-229 -190 0
-276 -237 0
-41 -3 0
-88 -50 0
-135 -97 0
-182 -144 0
-229 -191 0
-276 -238 0
-41 -6 0
-88 -53 0
-135 -100 0
-182 -147 0
-229 -194 0
-276 -241 0
-41 -23 0
-88 -70 0
-135 -117 0
-182 -164 0
-229 -211 0
-276 -258 0
-41 -47 0
-88 -94 0
-135 -141 0
-182 -188 0
-229 -235 0
-276 -282 0
-42 -1 0
-89 -48 0
-136 -95 0
-183 -142 0
-230 -189 0
-277 -236 0
-42 -5 0
-89 -52 0
-136 -99 0
-183 -146 0
-230 -193 0
-277 -240 0
-42 -6 0
-89 -53 0
-136 -100 0
-183 -147 0
-230 -194 0
-277 -241 0
-42 -23 0
-89 -70 0
-136 -117 0
-183 -164 0
-230 -211 0
-277 -258 0
-42 -47 0
-89 -94 0
-136 -141 0
-183 -188 0
-230 -235 0
-277 -282 0
-43 -3 0
-90 -50 0
-137 -97 0
-184 -144 0
-231 -191 0
-278 -238 0
-43 -4 0
-90 -51 0
-137 -98 0
-184 -145 0
-231 -192 0
-278 -239 0
-43 -6 0
-90 -53 0
-137 -100 0
-184 -147 0
-231 -194 0
-278 -241 0
-43 -23 0
-90 -70 0
-137 -117 0
-184 -164 0
-231 -211 0
-278 -258 0
-43 -47 0
-90 -94 0
-137 -141 0
-184 -188 0
-231 -235 0
-278 -282 0
-44 -2 0
-91 -49 0
-138 -96 0
-185 -143 0
-232 -190 0
-279 -237 0
-44 -5 0
-91 -52 0
-138 -99 0
-185 -146 0
-232 -193 0
-279 -240 0
-44 -6 0
-91 -53 0
-138 -100 0
-185 -147 0
-232 -194 0
-279 -241 0
-44 -23 0
-91 -70 0
-138 -117 0
-185 -164 0
-232 -211 0
-279 -258 0
-44 -47 0
-91 -94 0
-138 -141 0
-185 -188 0
-232 -235 0
-279 -282 0
-45 -1 0
-92 -48 0
-139 -95 0
-186 -142 0
-233 -189 0
-280 -236 0
-45 -4 0
-92 -51 0
-139 -98 0
-186 -145 0
-233 -192 0
-280 -239 0
-45 -6 0
-92 -53 0
-139 -100 0
-186 -147 0
-233 -194 0
-280 -241 0
-45 -23 0
-92 -70 0
-139 -117 0
-186 -164 0
-233 -211 0
-280 -258 0
-45 -47 0
-92 -94 0
-139 -141 0
-186 -188 0
-233 -235 0
-280 -282 0
-46 -12 0
-93 -59 0
-140 -106 0
-187 -153 0
-234 -200 0
-281 -247 0
-46 -13 0
-93 -60 0
-140 -107 0
-187 -154 0
-234 -201 0
-281 -248 0
-46 -14 0
-93 -61 0
-140 -108 0
-187 -155 0
-234 -202 0
-281 -249 0
-46 -15 0
-93 -62 0
-140 -109 0
-187 -156 0
-234 -203 0
-281 -250 0
-46 -16 0
-93 -63 0
-140 -110 0
-187 -157 0
-234 -204 0
-281 -251 0
-46 -17 0
-93 -64 0
-140 -111 0
-187 -158 0
-234 -205 0
-281 -252 0
-46 -18 0
-93 -65 0
-140 -112 0
-187 -159 0
-234 -206 0
-281 -253 0
-46 -19 0
-93 -66 0
-140 -113 0
-187 -160 0
-234 -207 0
-281 -254 0
-46 -20 0
-93 -67 0
-140 -114 0
-187 -161 0
-234 -208 0
-281 -255 0
-46 -21 0
-93 -68 0
-140 -115 0
-187 -162 0
-234 -209 0
-281 -256 0
-46 -22 0
-93 -69 0
-140 -116 0
-187 -163 0
-234 -210 0
-281 -257 0
-46 -47 0
-93 -94 0
-140 -141 0
-187 -188 0
-234 -235 0
-281 -282 0
-47 -24 0
-94 -71 0
-141 -118 0
-188 -165 0
-235 -212 0
-282 -259 0
-47 -25 0
-94 -72 0
-141 -119 0
-188 -166 0
-235 -213 0
-282 -260 0
-47 -26 0
-94 -73 0
-141 -120 0
-188 -167 0
-235 -214 0
-282 -261 0
-47 -27 0
-94 -74 0
-141 -121 0
-188 -168 0
-235 -215 0
-282 -262 0
-47 -28 0
-94 -75 0
-141 -122 0
-188 -169 0
-235 -216 0
-282 -263 0
-47 -29 0
-94 -76 0
-141 -123 0
-188 -170 0
-235 -217 0
-282 -264 0
-47 -30 0
-94 -77 0
-141 -124 0
-188 -171 0
-235 -218 0
-282 -265 0
-47 -31 0
-94 -78 0
-141 -125 0
-188 -172 0
-235 -219 0
-282 -266 0
-47 -32 0
-94 -79 0
-141 -126 0
-188 -173 0
-235 -220 0
-282 -267 0
-47 -33 0
-94 -80 0
-141 -127 0
-188 -174 0
-235 -221 0
-282 -268 0
-47 -34 0
-94 -81 0
-141 -128 0
-188 -175 0
-235 -222 0
-282 -269 0
-47 -35 0
-94 -82 0
-141 -129 0
-188 -176 0
-235 -223 0
-282 -270 0
-47 -36 0
-94 -83 0
-141 -130 0
-188 -177 0
-235 -224 0
-282 -271 0
-47 -37 0
-94 -84 0
-141 -131 0
-188 -178 0
-235 -225 0
-282 -272 0
-47 -38 0
-94 -85 0
-141 -132 0
-188 -179 0
-235 -226 0
-282 -273 0
-47 -39 0
-94 -86 0
-141 -133 0
-188 -180 0
-235 -227 0
-282 -274 0
-47 -40 0
-94 -87 0
-141 -134 0
-188 -181 0
-235 -228 0
-282 -275 0
-47 -41 0
-94 -88 0
-141 -135 0
-188 -182 0
-235 -229 0
-282 -276 0
-47 -42 0
-94 -89 0
-141 -136 0
-188 -183 0
-235 -230 0
-282 -277 0
-47 -43 0
-94 -90 0
-141 -137 0
-188 -184 0
-235 -231 0
-282 -278 0
-47 -44 0
-94 -91 0
-141 -138 0
-188 -185 0
-235 -232 0
-282 -279 0
-47 -45 0
-94 -92 0
-141 -139 0
-188 -186 0
-235 -233 0
-282 -280 0
-47 -46 0
-94 -93 0
-141 -140 0
-188 -187 0
-235 -234 0
-282 -281 0
